기간	자치구	성별	합계	주택(거처)의 종류	주택(거처)의 종류	주택(거처)의 종류	주택(거처)의 종류	주택(거처)의 종류	주택(거처)의 종류	주택이외의 거처
기간	자치구	성별	합계	계	단독주택	아파트	연립주택	다세대주택	비거주용 건물내 주택	주택이외의 거처
2017	합계	계	1,180,540	1,009,881	509,816	251,819	18,007	188,113	42,126	170,659
2017	합계	남자	561,524	470,459	259,723	96,864	7,276	83,691	22,905	91,065
2017	합계	여자	619,016	539,422	250,093	154,955	10,731	104,422	19,221	79,594
2017	종로구	계	23,638	19,260	11,234	2,992	887	3,279	868	4,378
2017	종로구	남자	11,594	9,013	5,565	1,282	315	1,407	444	2,581
2017	종로구	여자	12,044	10,247	5,669	1,710	572	1,872	424	1,797
2017	중구	계	20,164	16,111	7,181	5,673	301	2,102	854	4,053
2017	중구	남자	9,826	7,480	3,475	2,384	142	1,027	452	2,346
2017	중구	여자	10,338	8,631	3,706	3,289	159	1,075	402	1,707
2017	용산구	계	33,076	29,320	16,830	6,117	716	5,027	630	3,756
2017	용산구	남자	15,176	13,023	7,833	2,331	295	2,232	332	2,153
2017	용산구	여자	17,900	16,297	8,997	3,786	421	2,795	298	1,603
2017	성동구	계	39,067	34,689	19,183	10,705	256	3,006	1,539	4,378
2017	성동구	남자	19,964	17,508	10,794	4,285	96	1,458	875	2,456
2017	성동구	여자	19,103	17,181	8,389	6,420	160	1,548	664	1,922
2017	광진구	계	54,866	49,303	34,026	3,512	566	8,835	2,364	5,563
2017	광진구	남자	26,630	23,733	16,999	1,415	219	3,850	1,250	2,897
2017	광진구	여자	28,236	25,570	17,027	2,097	347	4,985	1,114	2,666
2017	동대문구	계	54,030	46,323	28,911	9,638	629	4,713	2,432	7,707
2017	동대문구	남자	27,638	23,324	15,375	3,941	290	2,396	1,322	4,314
2017	동대문구	여자	26,392	22,999	13,536	5,697	339	2,317	1,110	3,393
2017	중랑구	계	47,543	44,488	29,030	7,470	773	5,812	1,403	3,055
2017	중랑구	남자	24,000	22,236	15,574	2,850	331	2,712	769	1,764
2017	중랑구	여자	23,543	22,252	13,456	4,620	442	3,100	634	1,291
2017	성북구	계	54,243	49,522	28,424	10,249	1,131	6,953	2,765	4,721
2017	성북구	남자	24,560	22,237	13,503	3,938	484	2,983	1,329	2,323
2017	성북구	여자	29,683	27,285	14,921	6,311	647	3,970	1,436	2,398
2017	강북구	계	39,082	36,431	20,371	5,954	886	8,294	926	2,651
2017	강북구	남자	17,809	16,278	9,776	2,179	336	3,507	480	1,531
2017	강북구	여자	21,273	20,153	10,595	3,775	550	4,787	446	1,120
2017	도봉구	계	29,469	27,144	11,849	8,970	589	5,180	556	2,325
2017	도봉구	남자	13,093	11,734	5,907	3,068	243	2,214	302	1,359
2017	도봉구	여자	16,376	15,410	5,942	5,902	346	2,966	254	966
2017	노원구	계	49,265	46,970	11,737	29,566	640	4,164	863	2,295
2017	노원구	남자	20,740	19,298	6,127	10,388	291	1,992	500	1,442
2017	노원구	여자	28,525	27,672	5,610	19,178	349	2,172	363	853
2017	은평구	계	46,535	40,615	17,315	6,987	851	14,439	1,023	5,920
2017	은평구	남자	20,727	17,793	8,130	2,703	299	6,110	551	2,934
2017	은평구	여자	25,808	22,822	9,185	4,284	552	8,329	472	2,986
2017	서대문구	계	43,418	39,036	21,588	7,917	1,006	7,135	1,390	4,382
2017	서대문구	남자	18,891	16,856	9,866	2,904	383	3,054	649	2,035
2017	서대문구	여자	24,527	22,180	11,722	5,013	623	4,081	741	2,347
2017	마포구	계	54,162	45,536	20,949	10,832	648	11,287	1,820	8,626
2017	마포구	남자	24,036	20,177	10,072	4,151	261	4,744	949	3,859
2017	마포구	여자	30,126	25,359	10,877	6,681	387	6,543	871	4,767
2017	양천구	계	33,088	30,287	12,439	8,770	640	7,865	573	2,801
2017	양천구	남자	15,252	13,764	6,580	3,223	250	3,421	290	1,488
2017	양천구	여자	17,836	16,523	5,859	5,547	390	4,444	283	1,313
2017	강서구	계	68,237	50,204	15,992	19,968	799	12,569	876	18,033
2017	강서구	남자	31,534	23,120	8,371	8,158	311	5,788	492	8,414
2017	강서구	여자	36,703	27,084	7,621	11,810	488	6,781	384	9,619
2017	구로구	계	42,984	31,549	14,533	10,017	1,155	4,905	939	11,435
2017	구로구	남자	21,366	15,171	7,840	4,032	462	2,314	523	6,195
2017	구로구	여자	21,618	16,378	6,693	5,985	693	2,591	416	5,240
2017	금천구	계	32,928	25,611	14,950	4,891	633	4,079	1,058	7,317
2017	금천구	남자	18,305	13,602	8,356	2,260	268	2,030	688	4,703
2017	금천구	여자	14,623	12,009	6,594	2,631	365	2,049	370	2,614
2017	영등포구	계	51,151	35,236	18,612	10,650	315	4,100	1,559	15,915
2017	영등포구	남자	25,953	17,269	9,599	4,573	123	2,137	837	8,684
2017	영등포구	여자	25,198	17,967	9,013	6,077	192	1,963	722	7,231
2017	동작구	계	54,355	50,513	30,453	8,778	761	8,466	2,055	3,842
2017	동작구	남자	26,389	24,092	15,623	3,294	332	3,773	1,070	2,297
2017	동작구	여자	27,966	26,421	14,830	5,484	429	4,693	985	1,545
2017	관악구	계	106,865	88,407	56,635	10,990	1,062	10,879	8,841	18,458
2017	관악구	남자	57,078	47,237	31,624	4,636	470	5,251	5,256	9,841
2017	관악구	여자	49,787	41,170	25,011	6,354	592	5,628	3,585	8,617
2017	서초구	계	39,702	34,243	13,538	10,883	689	7,639	1,494	5,459
2017	서초구	남자	17,483	14,543	6,259	3,974	267	3,265	778	2,940
2017	서초구	여자	22,219	19,700	7,279	6,909	422	4,374	716	2,519
2017	강남구	계	62,774	53,464	19,259	19,654	1,074	11,334	2,143	9,310
2017	강남구	남자	26,515	21,703	8,487	7,204	432	4,553	1,027	4,812
2017	강남구	여자	36,259	31,761	10,772	12,450	642	6,781	1,116	4,498
2017	송파구	계	58,848	49,702	16,214	12,221	631	18,785	1,851	9,146
2017	송파구	남자	26,901	22,095	8,253	4,391	233	8,229	989	4,806
2017	송파구	여자	31,947	27,607	7,961	7,830	398	10,556	862	4,340
2017	강동구	계	41,050	35,917	18,563	8,415	369	7,266	1,304	5,133
2017	강동구	남자	20,064	17,173	9,735	3,300	143	3,244	751	2,891
2017	강동구	여자	20,986	18,744	8,828	5,115	226	4,022	553	2,242